# VECTRA_OS MVP benchmark proof (G8)
platform_tag=X64F caps=0x00000020 tick_source=rdtsc unit=ticks
caps_flags=rdtsc 
compiler=13.3.0
build_flags=-O3 -std=c11 -Wall -Wextra -Werror=implicit-function-declaration -fno-strict-aliasing -pedantic
commit=88f3ecf
binary_fnv64=0xb55632e4a02b97b0
samples_per_kernel=31 warmup=3
kernel=fraf_q16_converge ops_per_sample=1 raw_ticks=498,456,454,454,456,454,456,456,454,456,456,454,454,454,454,454,454,454,454,452,454,452,454,452,454,456,456,456,454,452,454 p5=452 median=454 p95=456 median_per_op=454
kernel=crc32c_4kb ops_per_sample=1 raw_ticks=97314,105946,102862,95652,95652,179246,109820,98604,95672,95688,95702,96268,97094,95646,95612,95650,95684,96084,95694,95610,95646,95662,95586,95680,95656,97706,123082,99548,95456,95726,95630 p5=95586 median=95688 p95=123082 median_per_op=95688
kernel=arena_alloc_64b ops_per_sample=256 raw_ticks=1400,1384,1392,1390,1390,1390,1388,1390,1380,1372,1376,1376,1378,1376,1378,1390,1376,1376,1376,1376,1376,1390,1376,1374,1374,1388,1364,1388,1388,1376,1376 p5=1372 median=1378 p95=1392 median_per_op=5
kernel=t7_toroidal_100steps ops_per_sample=100 raw_ticks=39420,39370,39418,39410,39398,39386,39344,39400,39362,39370,39356,39446,39430,39436,41126,39368,39418,39390,39392,39344,39382,39398,39404,39388,42344,48410,42690,39334,39490,39432,39380 p5=39344 median=39398 p95=42690 median_per_op=393
kernel=fsm8_lyapunov ops_per_sample=256 raw_ticks=1428,1408,1436,1400,1406,1416,1406,1404,1408,1416,1406,1412,1410,1420,1448,1404,1414,1412,1414,1400,1414,1408,1418,1396,1406,1412,1422,1404,1416,1412,1416 p5=1400 median=1412 p95=1436 median_per_op=5
OK vectra_os_mvp_bench sink=0x00000000e34f92bc
